IP: 0	n_elem: 11
    0 | 33	PUSH: 10	<<
	 |
    1 | 10	PUSH: 66	<<
	 |
    2 | 66	PUSH: 0	<<
	 |
    3 | 0	PUSH: 33	<<
	 |
    4 | 33	PUSH: 11	<<
	 |
    5 | 11	PUSH: 65	<<
	 |
    6 | 65	PUSH: 0	<<
	 |
    7 | 0	PUSH: 5	<<
	 |
    8 | 5	PUSH: 7	<<
	 |
    9 | 7	PUSH: 0	<<
	 |
   10 | 0	PUSH: -2147471616	<<
	 |
IP: 2	n_elem: 11
    0 | 33
	 |
    1 | 10
	 |
    2 | 66	<<
	 |
    3 | 0
	 |
    4 | 33
	 |
    5 | 11
	 |
    6 | 65
	 |
    7 | 0
	 |
    8 | 5
	 |
    9 | 7
	 |
   10 | 0
	 |
IP: 2	n_elem: 11
    0 | 33
	 |
    1 | 10
	 |
    2 | 66	<<
	 |
    3 | 0
	 |
    4 | 33
	 |
    5 | 11
	 |
    6 | 65
	 |
    7 | 0
	 |
    8 | 5
	 |
    9 | 7
	 |
   10 | 0
	 |
IP: 4	n_elem: 11
    0 | 33	PUSH: 10	<<
	 |
    1 | 10	PUSH: 66	<<
	 |
    2 | 66	PUSH: 0	<<
	 |
    3 | 0	PUSH: 33	<<
	 |
    4 | 33	PUSH: 11	<<
	 |
    5 | 11	PUSH: 65	<<
	 |
    6 | 65	PUSH: 0	<<
	 |
    7 | 0	PUSH: 5	<<
	 |
    8 | 5	PUSH: 7	<<
	 |
    9 | 7	PUSH: 0	<<
	 |
   10 | 0	PUSH: -2147471616	<<
	 |
IP: 6	n_elem: 11
    0 | 33	PUSH: 10	<<
	 |
    1 | 10	PUSH: 66	<<
	 |
    2 | 66	PUSH: 0	<<
	 |
    3 | 0	PUSH: 33	<<
	 |
    4 | 33	PUSH: 11	<<
	 |
    5 | 11	PUSH: 65	<<
	 |
    6 | 65	PUSH: 0	<<
	 |
    7 | 0	PUSH: 5	<<
	 |
    8 | 5	PUSH: 7	<<
	 |
    9 | 7	PUSH: 0	<<
	 |
   10 | 0	PUSH: -2147471616	<<
	 |
IP: 8	n_elem: 11
    0 | 33
	 |
    1 | 10
	 |
    2 | 66
	 |
    3 | 0
	 |
    4 | 33
	 |
    5 | 11
	 |
    6 | 65
	 |
    7 | 0
	 |
    8 | 5	<<
	 |
    9 | 7
	 |
   10 | 0
	 |
IP: 8	n_elem: 11
    0 | 33
	 |
    1 | 10
	 |
    2 | 66
	 |
    3 | 0
	 |
    4 | 33
	 |
    5 | 11
	 |
    6 | 65
	 |
    7 | 0
	 |
    8 | 5	<<
	 |
    9 | 7
	 |
   10 | 0
	 |
IP: 9	n_elem: 11
    0 | 33
	 |
    1 | 10
	 |
    2 | 66
	 |
    3 | 0
	 |
    4 | 33
	 |
    5 | 11
	 |
    6 | 65
	 |
    7 | 0
	 |
    8 | 5
	 |
    9 | 7	<<
	 |
   10 | 0
	 |
IP: 9	n_elem: 11
    0 | 33
	 |
    1 | 10
	 |
    2 | 66
	 |
    3 | 0
	 |
    4 | 33
	 |
    5 | 11
	 |
    6 | 65
	 |
    7 | 0
	 |
    8 | 5
	 |
    9 | 7	<<
	 |
   10 | 0
	 |
IP: 10	n_elem: 11
    0 | 33
	 |
    1 | 10
	 |
    2 | 66
	 |
    3 | 0
	 |
    4 | 33
	 |
    5 | 11
	 |
    6 | 65
	 |
    7 | 0
	 |
    8 | 5
	 |
    9 | 7
	 |
   10 | 0	<<
	 |
IP: 10	n_elem: 11
    0 | 33
	 |
    1 | 10
	 |
    2 | 66
	 |
    3 | 0
	 |
    4 | 33
	 |
    5 | 11
	 |
    6 | 65
	 |
    7 | 0
	 |
    8 | 5
	 |
    9 | 7
	 |
   10 | 0	<<
	 |
